0 0.6153846153846154 0.5625 0.07211538461538461 0.07211538461538461
0 0.5721153846153846 0.5649038461538461 0.07211538461538461 0.07211538461538461
0 0.5192307692307693 0.5769230769230769 0.07211538461538461 0.07211538461538461
0 0.44471153846153844 0.5769230769230769 0.07211538461538461 0.07211538461538461
0 0.3798076923076923 0.6009615384615384 0.07211538461538461 0.07211538461538461
0 0.32211538461538464 0.6201923076923077 0.07211538461538461 0.07211538461538461
0 0.27403846153846156 0.6201923076923077 0.07211538461538461 0.07211538461538461
0 0.2548076923076923 0.5336538461538461 0.07211538461538461 0.07211538461538461
0 0.30288461538461536 0.5360576923076923 0.07211538461538461 0.07211538461538461
0 0.36778846153846156 0.53125 0.07211538461538461 0.07211538461538461
0 0.4230769230769231 0.5264423076923077 0.07211538461538461 0.07211538461538461
0 0.4735576923076923 0.5192307692307693 0.07211538461538461 0.07211538461538461
0 0.5576923076923077 0.5024038461538461 0.07211538461538461 0.07211538461538461
0 0.6129807692307693 0.49038461538461536 0.07211538461538461 0.07211538461538461
