0 0.7355769230769231 0.49278846153846156 0.08653846153846154 0.08653846153846154
0 0.6947115384615384 0.5793269230769231 0.08653846153846154 0.08653846153846154
0 0.6899038461538461 0.6682692307692307 0.08653846153846154 0.08653846153846154
0 0.6682692307692307 0.7475961538461539 0.08653846153846154 0.08653846153846154
0 0.6538461538461539 0.8389423076923077 0.08653846153846154 0.08653846153846154
0 0.6370192307692307 0.9302884615384616 0.08653846153846154 0.08653846153846154
0 0.7283653846153846 0.9038461538461539 0.08653846153846154 0.08653846153846154
0 0.7716346153846154 0.84375 0.08653846153846154 0.08653846153846154
0 0.8028846153846154 0.71875 0.08653846153846154 0.08653846153846154
0 0.8389423076923077 0.6081730769230769 0.08653846153846154 0.08653846153846154
0 0.8509615384615384 0.5288461538461539 0.08653846153846154 0.08653846153846154
0 0.8629807692307693 0.43028846153846156 0.08653846153846154 0.08653846153846154
0 0.8798076923076923 0.3317307692307692 0.08653846153846154 0.08653846153846154
0 0.9014423076923077 0.21394230769230768 0.08653846153846154 0.08653846153846154
0 0.84375 0.18269230769230768 0.08653846153846154 0.08653846153846154
0 0.8125 0.2548076923076923 0.08653846153846154 0.08653846153846154
0 0.7860576923076923 0.34134615384615385 0.08653846153846154 0.08653846153846154
0 0.7259615384615384 0.42788461538461536 0.08653846153846154 0.08653846153846154
0 0.6682692307692307 0.3870192307692308 0.08653846153846154 0.08653846153846154
0 0.7211538461538461 0.31490384615384615 0.08653846153846154 0.08653846153846154
